$ 1 0.000005 10.20027730826997 57 5 43
t 208 224 240 224 0 1 0.5505518168244585 0.5671900837461007 100
t 496 224 528 224 0 1 -2.0410658265442283 -0.5172275674428968 100
s -208 192 -144 192 0 0 false
r 144 224 208 224 0 10000
w -208 192 -224 192 0
w 240 240 240 272 0
w 528 240 528 288 0
w 240 320 240 272 0
g 496 368 496 400 0
r 496 320 496 368 0 1000
w 496 320 496 288 0
w 496 288 528 288 0
w 496 320 240 320 0
R 240 208 240 160 0 3 100 2.4 2.5 1.5707963267948966 0.5
R 528 208 528 160 0 3 100 2.4 2.5 0 0.5
x -270 237 -152 240 4 24 Digital\sIO\s1
x 419 313 553 316 4 24 Analog\sInput
x 473 136 581 139 4 24 Joystick\sY
x 180 132 288 135 4 24 Joystick\sX
t 176 32 208 32 0 1 0.5568101129045515 0.5693442824502074 100
w 208 16 336 16 0
w 64 224 144 224 0
r 208 -48 208 16 0 10000
r 112 32 176 32 0 10000
R 208 -48 208 -80 0 0 40 3 0 0 0.5
R -224 192 -224 160 0 0 40 3 0 0 0.5
g 208 48 208 64 0
I 96 -32 176 -32 0 0.5 5
w -144 192 64 192 0
w 64 192 64 224 0
w 64 192 64 32 0
w 64 32 112 32 0
w 336 16 336 224 0
w 336 224 496 224 0
o 10 64 0 4102 5 0.00078125 0 3 13 0 14 0
