$ 1 0.000005 10.20027730826997 57 5 43
v 16 368 16 96 0 0 40 5 0 0 0.5
t 208 224 240 224 0 1 -2.3390604439248897 0.09853954519079842 100
t 496 224 528 224 0 1 -4.739060443842694 0.09853954527298535 100
s 96 224 144 224 0 1 false
s 384 224 432 224 0 1 false
r 432 224 496 224 0 10000
r 144 224 208 224 0 10000
w 96 224 96 64 0
w 384 224 384 64 0
w 384 64 192 64 0
w 192 64 96 64 0
w 96 64 16 64 0
w 16 368 192 368 0
w 192 368 480 368 0
w 240 240 240 272 0
w 528 240 528 288 0
w 240 288 240 272 0
g 192 384 192 400 0
w 192 368 192 384 0
r 496 320 496 368 0 1000
w 480 368 496 368 0
w 16 64 16 96 0
w 496 320 496 288 0
w 496 288 528 288 0
w 496 288 240 288 0
R 240 208 240 160 0 3 100 2.4 2.5 1.5707963267948966 0.5
R 528 208 528 160 0 3 100 2.4 2.5 0 0.5
x 94 260 212 263 4 24 Digital\sIO\s1
x 371 258 489 261 4 24 Digital\sIO\s2
x 419 319 553 322 4 24 Analog\sInput
x 474 128 582 131 4 24 Joystick\sY
x 199 127 307 130 4 24 Joystick\sX
o 22 64 0 4098 0.0000762939453125 0.00078125 0 2 22 3
o 25 64 0 4098 5 0.0125 1 2 25 3
o 26 64 0 4098 5 0.0125 1 2 26 3
